"id" "x.coordinate" "y.coordinate" "impact" "tick.start" "tick.end"
"WF001_001" 4033166.13504297 3578592.86939368 300 345601 345607
"WF001_002" 4034666.13504297 3578592.86939368 300 345703 345709
"WF001_003" 4036166.13504297 3578592.86939368 300 345805 345811
"WF001_004" 4037666.13504297 3578592.86939368 300 345907 345913
"WF001_005" 4039166.13504297 3578592.86939368 300 346009 346015
"WF001_006" 4033166.13504297 3580092.86939368 300 346111 346117
"WF001_007" 4034666.13504297 3580092.86939368 300 346213 346219
"WF001_008" 4036166.13504297 3580092.86939368 300 346315 346321
"WF001_009" 4037666.13504297 3580092.86939368 300 346417 346423
"WF001_010" 4039166.13504297 3580092.86939368 300 346519 346525
"WF001_011" 4033166.13504297 3581592.86939368 300 346621 346627
"WF001_012" 4034666.13504297 3581592.86939368 300 346723 346729
"WF001_013" 4036166.13504297 3581592.86939368 300 346825 346831
"WF001_014" 4037666.13504297 3581592.86939368 300 346927 346933
"WF001_015" 4039166.13504297 3581592.86939368 300 347029 347035
"WF001_016" 4033166.13504297 3583092.86939368 300 347131 347137
"WF001_017" 4034666.13504297 3583092.86939368 300 347233 347239
"WF001_018" 4036166.13504297 3583092.86939368 300 347335 347341
"WF001_019" 4037666.13504297 3583092.86939368 300 347437 347443
"WF001_020" 4039166.13504297 3583092.86939368 300 347539 347545
"WF001_021" 4033166.13504297 3584592.86939368 300 347641 347647
"WF001_022" 4034666.13504297 3584592.86939368 300 347743 347749
"WF001_023" 4036166.13504297 3584592.86939368 300 347845 347851
"WF001_024" 4037666.13504297 3584592.86939368 300 347947 347953
"WF001_025" 4039166.13504297 3584592.86939368 300 348049 348055
"WF002_001" 4087170.5434395 3555085.5929664 300 348151 348157
"WF002_002" 4088670.5434395 3555085.5929664 300 348253 348259
"WF002_003" 4090170.5434395 3555085.5929664 300 348355 348361
"WF002_004" 4091670.5434395 3555085.5929664 300 348457 348463
"WF002_005" 4093170.5434395 3555085.5929664 300 348559 348565
"WF002_006" 4087170.5434395 3556585.5929664 300 348661 348667
"WF002_007" 4088670.5434395 3556585.5929664 300 348763 348769
"WF002_008" 4090170.5434395 3556585.5929664 300 348865 348871
"WF002_009" 4091670.5434395 3556585.5929664 300 348967 348973
"WF002_010" 4093170.5434395 3556585.5929664 300 349069 349075
"WF002_011" 4087170.5434395 3558085.5929664 300 349171 349177
"WF002_012" 4088670.5434395 3558085.5929664 300 349273 349279
"WF002_013" 4090170.5434395 3558085.5929664 300 349375 349381
"WF002_014" 4091670.5434395 3558085.5929664 300 349477 349483
"WF002_015" 4093170.5434395 3558085.5929664 300 349579 349585
"WF002_016" 4087170.5434395 3559585.5929664 300 349681 349687
"WF002_017" 4088670.5434395 3559585.5929664 300 349783 349789
"WF002_018" 4090170.5434395 3559585.5929664 300 349885 349891
"WF002_019" 4091670.5434395 3559585.5929664 300 349987 349993
"WF002_020" 4093170.5434395 3559585.5929664 300 350089 350095
"WF002_021" 4087170.5434395 3561085.5929664 300 350191 350197
"WF002_022" 4088670.5434395 3561085.5929664 300 350293 350299
"WF002_023" 4090170.5434395 3561085.5929664 300 350395 350401
"WF002_024" 4091670.5434395 3561085.5929664 300 350497 350503
"WF002_025" 4093170.5434395 3561085.5929664 300 350599 350605
"WF003_001" 4089413.44117389 3431675.992192 300 350701 350707
"WF003_002" 4090913.44117389 3431675.992192 300 350803 350809
"WF003_003" 4092413.44117389 3431675.992192 300 350905 350911
"WF003_004" 4093913.44117389 3431675.992192 300 351007 351013
"WF003_005" 4095413.44117389 3431675.992192 300 351109 351115
"WF003_006" 4089413.44117389 3433175.992192 300 351211 351217
"WF003_007" 4090913.44117389 3433175.992192 300 351313 351319
"WF003_008" 4092413.44117389 3433175.992192 300 351415 351421
"WF003_009" 4093913.44117389 3433175.992192 300 351517 351523
"WF003_010" 4095413.44117389 3433175.992192 300 351619 351625
"WF003_011" 4089413.44117389 3434675.992192 300 351721 351727
"WF003_012" 4090913.44117389 3434675.992192 300 351823 351829
"WF003_013" 4092413.44117389 3434675.992192 300 351925 351931
"WF003_014" 4093913.44117389 3434675.992192 300 352027 352033
"WF003_015" 4095413.44117389 3434675.992192 300 352129 352135
"WF003_016" 4089413.44117389 3436175.992192 300 352231 352237
"WF003_017" 4090913.44117389 3436175.992192 300 352333 352339
"WF003_018" 4092413.44117389 3436175.992192 300 352435 352441
"WF003_019" 4093913.44117389 3436175.992192 300 352537 352543
"WF003_020" 4095413.44117389 3436175.992192 300 352639 352645
"WF003_021" 4089413.44117389 3437675.992192 300 352741 352747
"WF003_022" 4090913.44117389 3437675.992192 300 352843 352849
"WF003_023" 4092413.44117389 3437675.992192 300 352945 352951
"WF003_024" 4093913.44117389 3437675.992192 300 353047 353053
"WF003_025" 4095413.44117389 3437675.992192 300 353149 353155
"WF004_001" 4084773.4640851 3514971.93009082 300 353251 353257
"WF004_002" 4086273.4640851 3514971.93009082 300 353353 353359
"WF004_003" 4087773.4640851 3514971.93009082 300 353455 353461
"WF004_004" 4089273.4640851 3514971.93009082 300 353557 353563
"WF004_005" 4090773.4640851 3514971.93009082 300 353659 353665
"WF004_006" 4084773.4640851 3516471.93009082 300 353761 353767
"WF004_007" 4086273.4640851 3516471.93009082 300 353863 353869
"WF004_008" 4087773.4640851 3516471.93009082 300 353965 353971
"WF004_009" 4089273.4640851 3516471.93009082 300 354067 354073
"WF004_010" 4090773.4640851 3516471.93009082 300 354169 354175
"WF004_011" 4084773.4640851 3517971.93009082 300 354271 354277
"WF004_012" 4086273.4640851 3517971.93009082 300 354373 354379
"WF004_013" 4087773.4640851 3517971.93009082 300 354475 354481
"WF004_014" 4089273.4640851 3517971.93009082 300 354577 354583
"WF004_015" 4090773.4640851 3517971.93009082 300 354679 354685
"WF004_016" 4084773.4640851 3519471.93009082 300 354781 354787
"WF004_017" 4086273.4640851 3519471.93009082 300 354883 354889
"WF004_018" 4087773.4640851 3519471.93009082 300 354985 354991
"WF004_019" 4089273.4640851 3519471.93009082 300 355087 355093
"WF004_020" 4090773.4640851 3519471.93009082 300 355189 355195
"WF004_021" 4084773.4640851 3520971.93009082 300 355291 355297
"WF004_022" 4086273.4640851 3520971.93009082 300 355393 355399
"WF004_023" 4087773.4640851 3520971.93009082 300 355495 355501
"WF004_024" 4089273.4640851 3520971.93009082 300 355597 355603
"WF004_025" 4090773.4640851 3520971.93009082 300 355699 355705
"WF005_001" 4116454.56240806 3439353.43818309 300 355801 355807
"WF005_002" 4117954.56240806 3439353.43818309 300 355903 355909
"WF005_003" 4119454.56240806 3439353.43818309 300 356005 356011
"WF005_004" 4120954.56240806 3439353.43818309 300 356107 356113
"WF005_005" 4122454.56240806 3439353.43818309 300 356209 356215
"WF005_006" 4116454.56240806 3440853.43818309 300 356311 356317
"WF005_007" 4117954.56240806 3440853.43818309 300 356413 356419
"WF005_008" 4119454.56240806 3440853.43818309 300 356515 356521
"WF005_009" 4120954.56240806 3440853.43818309 300 356617 356623
"WF005_010" 4122454.56240806 3440853.43818309 300 356719 356725
"WF005_011" 4116454.56240806 3442353.43818309 300 356821 356827
"WF005_012" 4117954.56240806 3442353.43818309 300 356923 356929
"WF005_013" 4119454.56240806 3442353.43818309 300 357025 357031
"WF005_014" 4120954.56240806 3442353.43818309 300 357127 357133
"WF005_015" 4122454.56240806 3442353.43818309 300 357229 357235
"WF005_016" 4116454.56240806 3443853.43818309 300 357331 357337
"WF005_017" 4117954.56240806 3443853.43818309 300 357433 357439
"WF005_018" 4119454.56240806 3443853.43818309 300 357535 357541
"WF005_019" 4120954.56240806 3443853.43818309 300 357637 357643
"WF005_020" 4122454.56240806 3443853.43818309 300 357739 357745
"WF005_021" 4116454.56240806 3445353.43818309 300 357841 357847
"WF005_022" 4117954.56240806 3445353.43818309 300 357943 357949
"WF005_023" 4119454.56240806 3445353.43818309 300 358045 358051
"WF005_024" 4120954.56240806 3445353.43818309 300 358147 358153
"WF005_025" 4122454.56240806 3445353.43818309 300 358249 358255
"WF006_001" 4077481.47225737 3524670.35774805 300 358351 358357
"WF006_002" 4078981.47225737 3524670.35774805 300 358453 358459
"WF006_003" 4080481.47225737 3524670.35774805 300 358555 358561
"WF006_004" 4081981.47225737 3524670.35774805 300 358657 358663
"WF006_005" 4083481.47225737 3524670.35774805 300 358759 358765
"WF006_006" 4077481.47225737 3526170.35774805 300 358861 358867
"WF006_007" 4078981.47225737 3526170.35774805 300 358963 358969
"WF006_008" 4080481.47225737 3526170.35774805 300 359065 359071
"WF006_009" 4081981.47225737 3526170.35774805 300 359167 359173
"WF006_010" 4083481.47225737 3526170.35774805 300 359269 359275
"WF006_011" 4077481.47225737 3527670.35774805 300 359371 359377
"WF006_012" 4078981.47225737 3527670.35774805 300 359473 359479
"WF006_013" 4080481.47225737 3527670.35774805 300 359575 359581
"WF006_014" 4081981.47225737 3527670.35774805 300 359677 359683
"WF006_015" 4083481.47225737 3527670.35774805 300 359779 359785
"WF006_016" 4077481.47225737 3529170.35774805 300 359881 359887
"WF006_017" 4078981.47225737 3529170.35774805 300 359983 359989
"WF006_018" 4080481.47225737 3529170.35774805 300 360085 360091
"WF006_019" 4081981.47225737 3529170.35774805 300 360187 360193
"WF006_020" 4083481.47225737 3529170.35774805 300 360289 360295
"WF006_021" 4077481.47225737 3530670.35774805 300 360391 360397
"WF006_022" 4078981.47225737 3530670.35774805 300 360493 360499
"WF006_023" 4080481.47225737 3530670.35774805 300 360595 360601
"WF006_024" 4081981.47225737 3530670.35774805 300 360697 360703
"WF006_025" 4083481.47225737 3530670.35774805 300 360799 360805
"WF007_001" 3917742.82803605 3637146.1586162 300 360901 360907
"WF007_002" 3919242.82803605 3637146.1586162 300 361003 361009
"WF007_003" 3920742.82803605 3637146.1586162 300 361105 361111
"WF007_004" 3922242.82803605 3637146.1586162 300 361207 361213
"WF007_005" 3923742.82803605 3637146.1586162 300 361309 361315
"WF007_006" 3917742.82803605 3638646.1586162 300 361411 361417
"WF007_007" 3919242.82803605 3638646.1586162 300 361513 361519
"WF007_008" 3920742.82803605 3638646.1586162 300 361615 361621
"WF007_009" 3922242.82803605 3638646.1586162 300 361717 361723
"WF007_010" 3923742.82803605 3638646.1586162 300 361819 361825
"WF007_011" 3917742.82803605 3640146.1586162 300 361921 361927
"WF007_012" 3919242.82803605 3640146.1586162 300 362023 362029
"WF007_013" 3920742.82803605 3640146.1586162 300 362125 362131
"WF007_014" 3922242.82803605 3640146.1586162 300 362227 362233
"WF007_015" 3923742.82803605 3640146.1586162 300 362329 362335
"WF007_016" 3917742.82803605 3641646.1586162 300 362431 362437
"WF007_017" 3919242.82803605 3641646.1586162 300 362533 362539
"WF007_018" 3920742.82803605 3641646.1586162 300 362635 362641
"WF007_019" 3922242.82803605 3641646.1586162 300 362737 362743
"WF007_020" 3923742.82803605 3641646.1586162 300 362839 362845
"WF007_021" 3917742.82803605 3643146.1586162 300 362941 362947
"WF007_022" 3919242.82803605 3643146.1586162 300 363043 363049
"WF007_023" 3920742.82803605 3643146.1586162 300 363145 363151
"WF007_024" 3922242.82803605 3643146.1586162 300 363247 363253
"WF007_025" 3923742.82803605 3643146.1586162 300 363349 363355
"WF008_001" 4048417.11099355 3471661.74988242 300 363451 363457
"WF008_002" 4049917.11099355 3471661.74988242 300 363553 363559
"WF008_003" 4051417.11099355 3471661.74988242 300 363655 363661
"WF008_004" 4052917.11099355 3471661.74988242 300 363757 363763
"WF008_005" 4054417.11099355 3471661.74988242 300 363859 363865
"WF008_006" 4048417.11099355 3473161.74988242 300 363961 363967
"WF008_007" 4049917.11099355 3473161.74988242 300 364063 364069
"WF008_008" 4051417.11099355 3473161.74988242 300 364165 364171
"WF008_009" 4052917.11099355 3473161.74988242 300 364267 364273
"WF008_010" 4054417.11099355 3473161.74988242 300 364369 364375
"WF008_011" 4048417.11099355 3474661.74988242 300 364471 364477
"WF008_012" 4049917.11099355 3474661.74988242 300 364573 364579
"WF008_013" 4051417.11099355 3474661.74988242 300 364675 364681
"WF008_014" 4052917.11099355 3474661.74988242 300 364777 364783
"WF008_015" 4054417.11099355 3474661.74988242 300 364879 364885
"WF008_016" 4048417.11099355 3476161.74988242 300 364981 364987
"WF008_017" 4049917.11099355 3476161.74988242 300 365083 365089
"WF008_018" 4051417.11099355 3476161.74988242 300 365185 365191
"WF008_019" 4052917.11099355 3476161.74988242 300 365287 365293
"WF008_020" 4054417.11099355 3476161.74988242 300 365389 365395
"WF008_021" 4048417.11099355 3477661.74988242 300 365491 365497
"WF008_022" 4049917.11099355 3477661.74988242 300 365593 365599
"WF008_023" 4051417.11099355 3477661.74988242 300 365695 365701
"WF008_024" 4052917.11099355 3477661.74988242 300 365797 365803
"WF008_025" 4054417.11099355 3477661.74988242 300 365899 365905
"WF009_001" 3919729.29639291 3649716.49773737 300 366001 366007
"WF009_002" 3921229.29639291 3649716.49773737 300 366103 366109
"WF009_003" 3922729.29639291 3649716.49773737 300 366205 366211
"WF009_004" 3924229.29639291 3649716.49773737 300 366307 366313
"WF009_005" 3925729.29639291 3649716.49773737 300 366409 366415
"WF009_006" 3919729.29639291 3651216.49773737 300 366511 366517
"WF009_007" 3921229.29639291 3651216.49773737 300 366613 366619
"WF009_008" 3922729.29639291 3651216.49773737 300 366715 366721
"WF009_009" 3924229.29639291 3651216.49773737 300 366817 366823
"WF009_010" 3925729.29639291 3651216.49773737 300 366919 366925
"WF009_011" 3919729.29639291 3652716.49773737 300 367021 367027
"WF009_012" 3921229.29639291 3652716.49773737 300 367123 367129
"WF009_013" 3922729.29639291 3652716.49773737 300 367225 367231
"WF009_014" 3924229.29639291 3652716.49773737 300 367327 367333
"WF009_015" 3925729.29639291 3652716.49773737 300 367429 367435
"WF009_016" 3919729.29639291 3654216.49773737 300 367531 367537
"WF009_017" 3921229.29639291 3654216.49773737 300 367633 367639
"WF009_018" 3922729.29639291 3654216.49773737 300 367735 367741
"WF009_019" 3924229.29639291 3654216.49773737 300 367837 367843
"WF009_020" 3925729.29639291 3654216.49773737 300 367939 367945
"WF009_021" 3919729.29639291 3655716.49773737 300 368041 368047
"WF009_022" 3921229.29639291 3655716.49773737 300 368143 368149
"WF009_023" 3922729.29639291 3655716.49773737 300 368245 368251
"WF009_024" 3924229.29639291 3655716.49773737 300 368347 368353
"WF009_025" 3925729.29639291 3655716.49773737 300 368449 368455
"WF010_001" 4168437.23895339 3477547.29284683 300 368551 368557
"WF010_002" 4169937.23895339 3477547.29284683 300 368653 368659
"WF010_003" 4171437.23895339 3477547.29284683 300 368755 368761
"WF010_004" 4172937.23895339 3477547.29284683 300 368857 368863
"WF010_005" 4174437.23895339 3477547.29284683 300 368959 368965
"WF010_006" 4168437.23895339 3479047.29284683 300 369061 369067
"WF010_007" 4169937.23895339 3479047.29284683 300 369163 369169
"WF010_008" 4171437.23895339 3479047.29284683 300 369265 369271
"WF010_009" 4172937.23895339 3479047.29284683 300 369367 369373
"WF010_010" 4174437.23895339 3479047.29284683 300 369469 369475
"WF010_011" 4168437.23895339 3480547.29284683 300 369571 369577
"WF010_012" 4169937.23895339 3480547.29284683 300 369673 369679
"WF010_013" 4171437.23895339 3480547.29284683 300 369775 369781
"WF010_014" 4172937.23895339 3480547.29284683 300 369877 369883
"WF010_015" 4174437.23895339 3480547.29284683 300 369979 369985
"WF010_016" 4168437.23895339 3482047.29284683 300 370081 370087
"WF010_017" 4169937.23895339 3482047.29284683 300 370183 370189
"WF010_018" 4171437.23895339 3482047.29284683 300 370285 370291
"WF010_019" 4172937.23895339 3482047.29284683 300 370387 370393
"WF010_020" 4174437.23895339 3482047.29284683 300 370489 370495
"WF010_021" 4168437.23895339 3483547.29284683 300 370591 370597
"WF010_022" 4169937.23895339 3483547.29284683 300 370693 370699
"WF010_023" 4171437.23895339 3483547.29284683 300 370795 370801
"WF010_024" 4172937.23895339 3483547.29284683 300 370897 370903
"WF010_025" 4174437.23895339 3483547.29284683 300 370999 371005
"WF011_001" 3930776.78154287 3644489.37949558 300 371101 371107
"WF011_002" 3932276.78154287 3644489.37949558 300 371203 371209
"WF011_003" 3933776.78154287 3644489.37949558 300 371305 371311
"WF011_004" 3935276.78154287 3644489.37949558 300 371407 371413
"WF011_005" 3936776.78154287 3644489.37949558 300 371509 371515
"WF011_006" 3930776.78154287 3645989.37949558 300 371611 371617
"WF011_007" 3932276.78154287 3645989.37949558 300 371713 371719
"WF011_008" 3933776.78154287 3645989.37949558 300 371815 371821
"WF011_009" 3935276.78154287 3645989.37949558 300 371917 371923
"WF011_010" 3936776.78154287 3645989.37949558 300 372019 372025
"WF011_011" 3930776.78154287 3647489.37949558 300 372121 372127
"WF011_012" 3932276.78154287 3647489.37949558 300 372223 372229
"WF011_013" 3933776.78154287 3647489.37949558 300 372325 372331
"WF011_014" 3935276.78154287 3647489.37949558 300 372427 372433
"WF011_015" 3936776.78154287 3647489.37949558 300 372529 372535
"WF011_016" 3930776.78154287 3648989.37949558 300 372631 372637
"WF011_017" 3932276.78154287 3648989.37949558 300 372733 372739
"WF011_018" 3933776.78154287 3648989.37949558 300 372835 372841
"WF011_019" 3935276.78154287 3648989.37949558 300 372937 372943
"WF011_020" 3936776.78154287 3648989.37949558 300 373039 373045
"WF011_021" 3930776.78154287 3650489.37949558 300 373141 373147
"WF011_022" 3932276.78154287 3650489.37949558 300 373243 373249
"WF011_023" 3933776.78154287 3650489.37949558 300 373345 373351
"WF011_024" 3935276.78154287 3650489.37949558 300 373447 373453
"WF011_025" 3936776.78154287 3650489.37949558 300 373549 373555
"WF012_001" 4025893.72725259 3570945.62406523 300 373651 373657
"WF012_002" 4027393.72725259 3570945.62406523 300 373753 373759
"WF012_003" 4028893.72725259 3570945.62406523 300 373855 373861
"WF012_004" 4030393.72725259 3570945.62406523 300 373957 373963
"WF012_005" 4031893.72725259 3570945.62406523 300 374059 374065
"WF012_006" 4025893.72725259 3572445.62406523 300 374161 374167
"WF012_007" 4027393.72725259 3572445.62406523 300 374263 374269
"WF012_008" 4028893.72725259 3572445.62406523 300 374365 374371
"WF012_009" 4030393.72725259 3572445.62406523 300 374467 374473
"WF012_010" 4031893.72725259 3572445.62406523 300 374569 374575
"WF012_011" 4025893.72725259 3573945.62406523 300 374671 374677
"WF012_012" 4027393.72725259 3573945.62406523 300 374773 374779
"WF012_013" 4028893.72725259 3573945.62406523 300 374875 374881
"WF012_014" 4030393.72725259 3573945.62406523 300 374977 374983
"WF012_015" 4031893.72725259 3573945.62406523 300 375079 375085
"WF012_016" 4025893.72725259 3575445.62406523 300 375181 375187
"WF012_017" 4027393.72725259 3575445.62406523 300 375283 375289
"WF012_018" 4028893.72725259 3575445.62406523 300 375385 375391
"WF012_019" 4030393.72725259 3575445.62406523 300 375487 375493
"WF012_020" 4031893.72725259 3575445.62406523 300 375589 375595
"WF012_021" 4025893.72725259 3576945.62406523 300 375691 375697
"WF012_022" 4027393.72725259 3576945.62406523 300 375793 375799
"WF012_023" 4028893.72725259 3576945.62406523 300 375895 375901
"WF012_024" 4030393.72725259 3576945.62406523 300 375997 376003
"WF012_025" 4031893.72725259 3576945.62406523 300 376099 376105
"WF013_001" 4052163.69176451 3495015.61331358 300 376201 376207
"WF013_002" 4053663.69176451 3495015.61331358 300 376303 376309
"WF013_003" 4055163.69176451 3495015.61331358 300 376405 376411
"WF013_004" 4056663.69176451 3495015.61331358 300 376507 376513
"WF013_005" 4058163.69176451 3495015.61331358 300 376609 376615
"WF013_006" 4052163.69176451 3496515.61331358 300 376711 376717
"WF013_007" 4053663.69176451 3496515.61331358 300 376813 376819
"WF013_008" 4055163.69176451 3496515.61331358 300 376915 376921
"WF013_009" 4056663.69176451 3496515.61331358 300 377017 377023
"WF013_010" 4058163.69176451 3496515.61331358 300 377119 377125
"WF013_011" 4052163.69176451 3498015.61331358 300 377221 377227
"WF013_012" 4053663.69176451 3498015.61331358 300 377323 377329
"WF013_013" 4055163.69176451 3498015.61331358 300 377425 377431
"WF013_014" 4056663.69176451 3498015.61331358 300 377527 377533
"WF013_015" 4058163.69176451 3498015.61331358 300 377629 377635
"WF013_016" 4052163.69176451 3499515.61331358 300 377731 377737
"WF013_017" 4053663.69176451 3499515.61331358 300 377833 377839
"WF013_018" 4055163.69176451 3499515.61331358 300 377935 377941
"WF013_019" 4056663.69176451 3499515.61331358 300 378037 378043
"WF013_020" 4058163.69176451 3499515.61331358 300 378139 378145
"WF013_021" 4052163.69176451 3501015.61331358 300 378241 378247
"WF013_022" 4053663.69176451 3501015.61331358 300 378343 378349
"WF013_023" 4055163.69176451 3501015.61331358 300 378445 378451
"WF013_024" 4056663.69176451 3501015.61331358 300 378547 378553
"WF013_025" 4058163.69176451 3501015.61331358 300 378649 378655
"WF014_001" 4081845.63685018 3490185.68715844 300 378751 378757
"WF014_002" 4083345.63685018 3490185.68715844 300 378853 378859
"WF014_003" 4084845.63685018 3490185.68715844 300 378955 378961
"WF014_004" 4086345.63685018 3490185.68715844 300 379057 379063
"WF014_005" 4087845.63685018 3490185.68715844 300 379159 379165
"WF014_006" 4081845.63685018 3491685.68715844 300 379261 379267
"WF014_007" 4083345.63685018 3491685.68715844 300 379363 379369
"WF014_008" 4084845.63685018 3491685.68715844 300 379465 379471
"WF014_009" 4086345.63685018 3491685.68715844 300 379567 379573
"WF014_010" 4087845.63685018 3491685.68715844 300 379669 379675
"WF014_011" 4081845.63685018 3493185.68715844 300 379771 379777
"WF014_012" 4083345.63685018 3493185.68715844 300 379873 379879
"WF014_013" 4084845.63685018 3493185.68715844 300 379975 379981
"WF014_014" 4086345.63685018 3493185.68715844 300 380077 380083
"WF014_015" 4087845.63685018 3493185.68715844 300 380179 380185
"WF014_016" 4081845.63685018 3494685.68715844 300 380281 380287
"WF014_017" 4083345.63685018 3494685.68715844 300 380383 380389
"WF014_018" 4084845.63685018 3494685.68715844 300 380485 380491
"WF014_019" 4086345.63685018 3494685.68715844 300 380587 380593
"WF014_020" 4087845.63685018 3494685.68715844 300 380689 380695
"WF014_021" 4081845.63685018 3496185.68715844 300 380791 380797
"WF014_022" 4083345.63685018 3496185.68715844 300 380893 380899
"WF014_023" 4084845.63685018 3496185.68715844 300 380995 381001
"WF014_024" 4086345.63685018 3496185.68715844 300 381097 381103
"WF014_025" 4087845.63685018 3496185.68715844 300 381199 381205
"WF015_001" 4068306.26511523 3502749.40648083 300 381301 381307
"WF015_002" 4069806.26511523 3502749.40648083 300 381403 381409
"WF015_003" 4071306.26511523 3502749.40648083 300 381505 381511
"WF015_004" 4072806.26511523 3502749.40648083 300 381607 381613
"WF015_005" 4074306.26511523 3502749.40648083 300 381709 381715
"WF015_006" 4068306.26511523 3504249.40648083 300 381811 381817
"WF015_007" 4069806.26511523 3504249.40648083 300 381913 381919
"WF015_008" 4071306.26511523 3504249.40648083 300 382015 382021
"WF015_009" 4072806.26511523 3504249.40648083 300 382117 382123
"WF015_010" 4074306.26511523 3504249.40648083 300 382219 382225
"WF015_011" 4068306.26511523 3505749.40648083 300 382321 382327
"WF015_012" 4069806.26511523 3505749.40648083 300 382423 382429
"WF015_013" 4071306.26511523 3505749.40648083 300 382525 382531
"WF015_014" 4072806.26511523 3505749.40648083 300 382627 382633
"WF015_015" 4074306.26511523 3505749.40648083 300 382729 382735
"WF015_016" 4068306.26511523 3507249.40648083 300 382831 382837
"WF015_017" 4069806.26511523 3507249.40648083 300 382933 382939
"WF015_018" 4071306.26511523 3507249.40648083 300 383035 383041
"WF015_019" 4072806.26511523 3507249.40648083 300 383137 383143
"WF015_020" 4074306.26511523 3507249.40648083 300 383239 383245
"WF015_021" 4068306.26511523 3508749.40648083 300 383341 383347
"WF015_022" 4069806.26511523 3508749.40648083 300 383443 383449
"WF015_023" 4071306.26511523 3508749.40648083 300 383545 383551
"WF015_024" 4072806.26511523 3508749.40648083 300 383647 383653
"WF015_025" 4074306.26511523 3508749.40648083 300 383749 383755
"WF016_001" 3909885.07860262 3654620.04330077 300 383851 383857
"WF016_002" 3911385.07860262 3654620.04330077 300 383953 383959
"WF016_003" 3912885.07860262 3654620.04330077 300 384055 384061
"WF016_004" 3914385.07860262 3654620.04330077 300 384157 384163
"WF016_005" 3915885.07860262 3654620.04330077 300 384259 384265
"WF016_006" 3909885.07860262 3656120.04330077 300 384361 384367
"WF016_007" 3911385.07860262 3656120.04330077 300 384463 384469
"WF016_008" 3912885.07860262 3656120.04330077 300 384565 384571
"WF016_009" 3914385.07860262 3656120.04330077 300 384667 384673
"WF016_010" 3915885.07860262 3656120.04330077 300 384769 384775
"WF016_011" 3909885.07860262 3657620.04330077 300 384871 384877
"WF016_012" 3911385.07860262 3657620.04330077 300 384973 384979
"WF016_013" 3912885.07860262 3657620.04330077 300 385075 385081
"WF016_014" 3914385.07860262 3657620.04330077 300 385177 385183
"WF016_015" 3915885.07860262 3657620.04330077 300 385279 385285
"WF016_016" 3909885.07860262 3659120.04330077 300 385381 385387
"WF016_017" 3911385.07860262 3659120.04330077 300 385483 385489
"WF016_018" 3912885.07860262 3659120.04330077 300 385585 385591
"WF016_019" 3914385.07860262 3659120.04330077 300 385687 385693
"WF016_020" 3915885.07860262 3659120.04330077 300 385789 385795
"WF016_021" 3909885.07860262 3660620.04330077 300 385891 385897
"WF016_022" 3911385.07860262 3660620.04330077 300 385993 385999
"WF016_023" 3912885.07860262 3660620.04330077 300 386095 386101
"WF016_024" 3914385.07860262 3660620.04330077 300 386197 386203
"WF016_025" 3915885.07860262 3660620.04330077 300 386299 386305
"WF017_001" 4010358.57465473 3574552.86235148 300 386401 386407
"WF017_002" 4011858.57465473 3574552.86235148 300 386503 386509
"WF017_003" 4013358.57465473 3574552.86235148 300 386605 386611
"WF017_004" 4014858.57465473 3574552.86235148 300 386707 386713
"WF017_005" 4016358.57465473 3574552.86235148 300 386809 386815
"WF017_006" 4010358.57465473 3576052.86235148 300 386911 386917
"WF017_007" 4011858.57465473 3576052.86235148 300 387013 387019
"WF017_008" 4013358.57465473 3576052.86235148 300 387115 387121
"WF017_009" 4014858.57465473 3576052.86235148 300 387217 387223
"WF017_010" 4016358.57465473 3576052.86235148 300 387319 387325
"WF017_011" 4010358.57465473 3577552.86235148 300 387421 387427
"WF017_012" 4011858.57465473 3577552.86235148 300 387523 387529
"WF017_013" 4013358.57465473 3577552.86235148 300 387625 387631
"WF017_014" 4014858.57465473 3577552.86235148 300 387727 387733
"WF017_015" 4016358.57465473 3577552.86235148 300 387829 387835
"WF017_016" 4010358.57465473 3579052.86235148 300 387931 387937
"WF017_017" 4011858.57465473 3579052.86235148 300 388033 388039
"WF017_018" 4013358.57465473 3579052.86235148 300 388135 388141
"WF017_019" 4014858.57465473 3579052.86235148 300 388237 388243
"WF017_020" 4016358.57465473 3579052.86235148 300 388339 388345
"WF017_021" 4010358.57465473 3580552.86235148 300 388441 388447
"WF017_022" 4011858.57465473 3580552.86235148 300 388543 388549
"WF017_023" 4013358.57465473 3580552.86235148 300 388645 388651
"WF017_024" 4014858.57465473 3580552.86235148 300 388747 388753
"WF017_025" 4016358.57465473 3580552.86235148 300 388849 388855
"WF018_001" 4000353.44907487 3527733.90943559 300 388951 388957
"WF018_002" 4001853.44907487 3527733.90943559 300 389053 389059
"WF018_003" 4003353.44907487 3527733.90943559 300 389155 389161
"WF018_004" 4004853.44907487 3527733.90943559 300 389257 389263
"WF018_005" 4006353.44907487 3527733.90943559 300 389359 389365
"WF018_006" 4000353.44907487 3529233.90943559 300 389461 389467
"WF018_007" 4001853.44907487 3529233.90943559 300 389563 389569
"WF018_008" 4003353.44907487 3529233.90943559 300 389665 389671
"WF018_009" 4004853.44907487 3529233.90943559 300 389767 389773
"WF018_010" 4006353.44907487 3529233.90943559 300 389869 389875
"WF018_011" 4000353.44907487 3530733.90943559 300 389971 389977
"WF018_012" 4001853.44907487 3530733.90943559 300 390073 390079
"WF018_013" 4003353.44907487 3530733.90943559 300 390175 390181
"WF018_014" 4004853.44907487 3530733.90943559 300 390277 390283
"WF018_015" 4006353.44907487 3530733.90943559 300 390379 390385
"WF018_016" 4000353.44907487 3532233.90943559 300 390481 390487
"WF018_017" 4001853.44907487 3532233.90943559 300 390583 390589
"WF018_018" 4003353.44907487 3532233.90943559 300 390685 390691
"WF018_019" 4004853.44907487 3532233.90943559 300 390787 390793
"WF018_020" 4006353.44907487 3532233.90943559 300 390889 390895
"WF018_021" 4000353.44907487 3533733.90943559 300 390991 390997
"WF018_022" 4001853.44907487 3533733.90943559 300 391093 391099
"WF018_023" 4003353.44907487 3533733.90943559 300 391195 391201
"WF018_024" 4004853.44907487 3533733.90943559 300 391297 391303
"WF018_025" 4006353.44907487 3533733.90943559 300 391399 391405
"WF019_001" 3975838.54475499 3588831.2083136 300 391501 391507
"WF019_002" 3977338.54475499 3588831.2083136 300 391603 391609
"WF019_003" 3978838.54475499 3588831.2083136 300 391705 391711
"WF019_004" 3980338.54475499 3588831.2083136 300 391807 391813
"WF019_005" 3981838.54475499 3588831.2083136 300 391909 391915
"WF019_006" 3975838.54475499 3590331.2083136 300 392011 392017
"WF019_007" 3977338.54475499 3590331.2083136 300 392113 392119
"WF019_008" 3978838.54475499 3590331.2083136 300 392215 392221
"WF019_009" 3980338.54475499 3590331.2083136 300 392317 392323
"WF019_010" 3981838.54475499 3590331.2083136 300 392419 392425
"WF019_011" 3975838.54475499 3591831.2083136 300 392521 392527
"WF019_012" 3977338.54475499 3591831.2083136 300 392623 392629
"WF019_013" 3978838.54475499 3591831.2083136 300 392725 392731
"WF019_014" 3980338.54475499 3591831.2083136 300 392827 392833
"WF019_015" 3981838.54475499 3591831.2083136 300 392929 392935
"WF019_016" 3975838.54475499 3593331.2083136 300 393031 393037
"WF019_017" 3977338.54475499 3593331.2083136 300 393133 393139
"WF019_018" 3978838.54475499 3593331.2083136 300 393235 393241
"WF019_019" 3980338.54475499 3593331.2083136 300 393337 393343
"WF019_020" 3981838.54475499 3593331.2083136 300 393439 393445
"WF019_021" 3975838.54475499 3594831.2083136 300 393541 393547
"WF019_022" 3977338.54475499 3594831.2083136 300 393643 393649
"WF019_023" 3978838.54475499 3594831.2083136 300 393745 393751
"WF019_024" 3980338.54475499 3594831.2083136 300 393847 393853
"WF019_025" 3981838.54475499 3594831.2083136 300 393949 393955
"WF020_001" 4087246.76225145 3440787.00372109 300 394051 394057
"WF020_002" 4088746.76225145 3440787.00372109 300 394153 394159
"WF020_003" 4090246.76225145 3440787.00372109 300 394255 394261
"WF020_004" 4091746.76225145 3440787.00372109 300 394357 394363
"WF020_005" 4093246.76225145 3440787.00372109 300 394459 394465
"WF020_006" 4087246.76225145 3442287.00372109 300 394561 394567
"WF020_007" 4088746.76225145 3442287.00372109 300 394663 394669
"WF020_008" 4090246.76225145 3442287.00372109 300 394765 394771
"WF020_009" 4091746.76225145 3442287.00372109 300 394867 394873
"WF020_010" 4093246.76225145 3442287.00372109 300 394969 394975
"WF020_011" 4087246.76225145 3443787.00372109 300 395071 395077
"WF020_012" 4088746.76225145 3443787.00372109 300 395173 395179
"WF020_013" 4090246.76225145 3443787.00372109 300 395275 395281
"WF020_014" 4091746.76225145 3443787.00372109 300 395377 395383
"WF020_015" 4093246.76225145 3443787.00372109 300 395479 395485
"WF020_016" 4087246.76225145 3445287.00372109 300 395581 395587
"WF020_017" 4088746.76225145 3445287.00372109 300 395683 395689
"WF020_018" 4090246.76225145 3445287.00372109 300 395785 395791
"WF020_019" 4091746.76225145 3445287.00372109 300 395887 395893
"WF020_020" 4093246.76225145 3445287.00372109 300 395989 395995
"WF020_021" 4087246.76225145 3446787.00372109 300 396091 396097
"WF020_022" 4088746.76225145 3446787.00372109 300 396193 396199
"WF020_023" 4090246.76225145 3446787.00372109 300 396295 396301
"WF020_024" 4091746.76225145 3446787.00372109 300 396397 396403
"WF020_025" 4093246.76225145 3446787.00372109 300 396499 396505
"WF021_001" 4086252.14756375 3523716.02962999 300 396601 396607
"WF021_002" 4087752.14756375 3523716.02962999 300 396703 396709
"WF021_003" 4089252.14756375 3523716.02962999 300 396805 396811
"WF021_004" 4090752.14756375 3523716.02962999 300 396907 396913
"WF021_005" 4092252.14756375 3523716.02962999 300 397009 397015
"WF021_006" 4086252.14756375 3525216.02962999 300 397111 397117
"WF021_007" 4087752.14756375 3525216.02962999 300 397213 397219
"WF021_008" 4089252.14756375 3525216.02962999 300 397315 397321
"WF021_009" 4090752.14756375 3525216.02962999 300 397417 397423
"WF021_010" 4092252.14756375 3525216.02962999 300 397519 397525
"WF021_011" 4086252.14756375 3526716.02962999 300 397621 397627
"WF021_012" 4087752.14756375 3526716.02962999 300 397723 397729
"WF021_013" 4089252.14756375 3526716.02962999 300 397825 397831
"WF021_014" 4090752.14756375 3526716.02962999 300 397927 397933
"WF021_015" 4092252.14756375 3526716.02962999 300 398029 398035
"WF021_016" 4086252.14756375 3528216.02962999 300 398131 398137
"WF021_017" 4087752.14756375 3528216.02962999 300 398233 398239
"WF021_018" 4089252.14756375 3528216.02962999 300 398335 398341
"WF021_019" 4090752.14756375 3528216.02962999 300 398437 398443
"WF021_020" 4092252.14756375 3528216.02962999 300 398539 398545
"WF021_021" 4086252.14756375 3529716.02962999 300 398641 398647
"WF021_022" 4087752.14756375 3529716.02962999 300 398743 398749
"WF021_023" 4089252.14756375 3529716.02962999 300 398845 398851
"WF021_024" 4090752.14756375 3529716.02962999 300 398947 398953
"WF021_025" 4092252.14756375 3529716.02962999 300 399049 399055
"WF022_001" 4078958.74710689 3549152.00705413 300 399151 399157
"WF022_002" 4080458.74710689 3549152.00705413 300 399253 399259
"WF022_003" 4081958.74710689 3549152.00705413 300 399355 399361
"WF022_004" 4083458.74710689 3549152.00705413 300 399457 399463
"WF022_005" 4084958.74710689 3549152.00705413 300 399559 399565
"WF022_006" 4078958.74710689 3550652.00705413 300 399661 399667
"WF022_007" 4080458.74710689 3550652.00705413 300 399763 399769
"WF022_008" 4081958.74710689 3550652.00705413 300 399865 399871
"WF022_009" 4083458.74710689 3550652.00705413 300 399967 399973
"WF022_010" 4084958.74710689 3550652.00705413 300 400069 400075
"WF022_011" 4078958.74710689 3552152.00705413 300 400171 400177
"WF022_012" 4080458.74710689 3552152.00705413 300 400273 400279
"WF022_013" 4081958.74710689 3552152.00705413 300 400375 400381
"WF022_014" 4083458.74710689 3552152.00705413 300 400477 400483
"WF022_015" 4084958.74710689 3552152.00705413 300 400579 400585
"WF022_016" 4078958.74710689 3553652.00705413 300 400681 400687
"WF022_017" 4080458.74710689 3553652.00705413 300 400783 400789
"WF022_018" 4081958.74710689 3553652.00705413 300 400885 400891
"WF022_019" 4083458.74710689 3553652.00705413 300 400987 400993
"WF022_020" 4084958.74710689 3553652.00705413 300 401089 401095
"WF022_021" 4078958.74710689 3555152.00705413 300 401191 401197
"WF022_022" 4080458.74710689 3555152.00705413 300 401293 401299
"WF022_023" 4081958.74710689 3555152.00705413 300 401395 401401
"WF022_024" 4083458.74710689 3555152.00705413 300 401497 401503
"WF022_025" 4084958.74710689 3555152.00705413 300 401599 401605
"WF023_001" 4125381.08675414 3440642.99668373 300 401701 401707
"WF023_002" 4126881.08675414 3440642.99668373 300 401803 401809
"WF023_003" 4128381.08675414 3440642.99668373 300 401905 401911
"WF023_004" 4129881.08675414 3440642.99668373 300 402007 402013
"WF023_005" 4131381.08675414 3440642.99668373 300 402109 402115
"WF023_006" 4125381.08675414 3442142.99668373 300 402211 402217
"WF023_007" 4126881.08675414 3442142.99668373 300 402313 402319
"WF023_008" 4128381.08675414 3442142.99668373 300 402415 402421
"WF023_009" 4129881.08675414 3442142.99668373 300 402517 402523
"WF023_010" 4131381.08675414 3442142.99668373 300 402619 402625
"WF023_011" 4125381.08675414 3443642.99668373 300 402721 402727
"WF023_012" 4126881.08675414 3443642.99668373 300 402823 402829
"WF023_013" 4128381.08675414 3443642.99668373 300 402925 402931
"WF023_014" 4129881.08675414 3443642.99668373 300 403027 403033
"WF023_015" 4131381.08675414 3443642.99668373 300 403129 403135
"WF023_016" 4125381.08675414 3445142.99668373 300 403231 403237
"WF023_017" 4126881.08675414 3445142.99668373 300 403333 403339
"WF023_018" 4128381.08675414 3445142.99668373 300 403435 403441
"WF023_019" 4129881.08675414 3445142.99668373 300 403537 403543
"WF023_020" 4131381.08675414 3445142.99668373 300 403639 403645
"WF023_021" 4125381.08675414 3446642.99668373 300 403741 403747
"WF023_022" 4126881.08675414 3446642.99668373 300 403843 403849
"WF023_023" 4128381.08675414 3446642.99668373 300 403945 403951
"WF023_024" 4129881.08675414 3446642.99668373 300 404047 404053
"WF023_025" 4131381.08675414 3446642.99668373 300 404149 404155
"WF024_001" 4080490.99991904 3533800.34909564 300 404251 404257
"WF024_002" 4081990.99991904 3533800.34909564 300 404353 404359
"WF024_003" 4083490.99991904 3533800.34909564 300 404455 404461
"WF024_004" 4084990.99991904 3533800.34909564 300 404557 404563
"WF024_005" 4086490.99991904 3533800.34909564 300 404659 404665
"WF024_006" 4080490.99991904 3535300.34909564 300 404761 404767
"WF024_007" 4081990.99991904 3535300.34909564 300 404863 404869
"WF024_008" 4083490.99991904 3535300.34909564 300 404965 404971
"WF024_009" 4084990.99991904 3535300.34909564 300 405067 405073
"WF024_010" 4086490.99991904 3535300.34909564 300 405169 405175
"WF024_011" 4080490.99991904 3536800.34909564 300 405271 405277
"WF024_012" 4081990.99991904 3536800.34909564 300 405373 405379
"WF024_013" 4083490.99991904 3536800.34909564 300 405475 405481
"WF024_014" 4084990.99991904 3536800.34909564 300 405577 405583
"WF024_015" 4086490.99991904 3536800.34909564 300 405679 405685
"WF024_016" 4080490.99991904 3538300.34909564 300 405781 405787
"WF024_017" 4081990.99991904 3538300.34909564 300 405883 405889
"WF024_018" 4083490.99991904 3538300.34909564 300 405985 405991
"WF024_019" 4084990.99991904 3538300.34909564 300 406087 406093
"WF024_020" 4086490.99991904 3538300.34909564 300 406189 406195
"WF024_021" 4080490.99991904 3539800.34909564 300 406291 406297
"WF024_022" 4081990.99991904 3539800.34909564 300 406393 406399
"WF024_023" 4083490.99991904 3539800.34909564 300 406495 406501
"WF024_024" 4084990.99991904 3539800.34909564 300 406597 406603
"WF024_025" 4086490.99991904 3539800.34909564 300 406699 406705
"WF025_001" 4070918.01849448 3469402.86620765 300 406801 406807
"WF025_002" 4072418.01849448 3469402.86620765 300 406903 406909
"WF025_003" 4073918.01849448 3469402.86620765 300 407005 407011
"WF025_004" 4075418.01849448 3469402.86620765 300 407107 407113
"WF025_005" 4076918.01849448 3469402.86620765 300 407209 407215
"WF025_006" 4070918.01849448 3470902.86620765 300 407311 407317
"WF025_007" 4072418.01849448 3470902.86620765 300 407413 407419
"WF025_008" 4073918.01849448 3470902.86620765 300 407515 407521
"WF025_009" 4075418.01849448 3470902.86620765 300 407617 407623
"WF025_010" 4076918.01849448 3470902.86620765 300 407719 407725
"WF025_011" 4070918.01849448 3472402.86620765 300 407821 407827
"WF025_012" 4072418.01849448 3472402.86620765 300 407923 407929
"WF025_013" 4073918.01849448 3472402.86620765 300 408025 408031
"WF025_014" 4075418.01849448 3472402.86620765 300 408127 408133
"WF025_015" 4076918.01849448 3472402.86620765 300 408229 408235
"WF025_016" 4070918.01849448 3473902.86620765 300 408331 408337
"WF025_017" 4072418.01849448 3473902.86620765 300 408433 408439
"WF025_018" 4073918.01849448 3473902.86620765 300 408535 408541
"WF025_019" 4075418.01849448 3473902.86620765 300 408637 408643
"WF025_020" 4076918.01849448 3473902.86620765 300 408739 408745
"WF025_021" 4070918.01849448 3475402.86620765 300 408841 408847
"WF025_022" 4072418.01849448 3475402.86620765 300 408943 408949
"WF025_023" 4073918.01849448 3475402.86620765 300 409045 409051
"WF025_024" 4075418.01849448 3475402.86620765 300 409147 409153
"WF025_025" 4076918.01849448 3475402.86620765 300 409249 409255
"WF026_001" 3910822.56164786 3644740.24338355 300 409351 409357
"WF026_002" 3912322.56164786 3644740.24338355 300 409453 409459
"WF026_003" 3913822.56164786 3644740.24338355 300 409555 409561
"WF026_004" 3915322.56164786 3644740.24338355 300 409657 409663
"WF026_005" 3916822.56164786 3644740.24338355 300 409759 409765
"WF026_006" 3910822.56164786 3646240.24338355 300 409861 409867
"WF026_007" 3912322.56164786 3646240.24338355 300 409963 409969
"WF026_008" 3913822.56164786 3646240.24338355 300 410065 410071
"WF026_009" 3915322.56164786 3646240.24338355 300 410167 410173
"WF026_010" 3916822.56164786 3646240.24338355 300 410269 410275
"WF026_011" 3910822.56164786 3647740.24338355 300 410371 410377
"WF026_012" 3912322.56164786 3647740.24338355 300 410473 410479
"WF026_013" 3913822.56164786 3647740.24338355 300 410575 410581
"WF026_014" 3915322.56164786 3647740.24338355 300 410677 410683
"WF026_015" 3916822.56164786 3647740.24338355 300 410779 410785
"WF026_016" 3910822.56164786 3649240.24338355 300 410881 410887
"WF026_017" 3912322.56164786 3649240.24338355 300 410983 410989
"WF026_018" 3913822.56164786 3649240.24338355 300 411085 411091
"WF026_019" 3915322.56164786 3649240.24338355 300 411187 411193
"WF026_020" 3916822.56164786 3649240.24338355 300 411289 411295
"WF026_021" 3910822.56164786 3650740.24338355 300 411391 411397
"WF026_022" 3912322.56164786 3650740.24338355 300 411493 411499
"WF026_023" 3913822.56164786 3650740.24338355 300 411595 411601
"WF026_024" 3915322.56164786 3650740.24338355 300 411697 411703
"WF026_025" 3916822.56164786 3650740.24338355 300 411799 411805
"WF027_001" 4168619.76877957 3486298.00523223 300 411901 411907
"WF027_002" 4170119.76877957 3486298.00523223 300 412003 412009
"WF027_003" 4171619.76877957 3486298.00523223 300 412105 412111
"WF027_004" 4173119.76877957 3486298.00523223 300 412207 412213
"WF027_005" 4174619.76877957 3486298.00523223 300 412309 412315
"WF027_006" 4168619.76877957 3487798.00523223 300 412411 412417
"WF027_007" 4170119.76877957 3487798.00523223 300 412513 412519
"WF027_008" 4171619.76877957 3487798.00523223 300 412615 412621
"WF027_009" 4173119.76877957 3487798.00523223 300 412717 412723
"WF027_010" 4174619.76877957 3487798.00523223 300 412819 412825
"WF027_011" 4168619.76877957 3489298.00523223 300 412921 412927
"WF027_012" 4170119.76877957 3489298.00523223 300 413023 413029
"WF027_013" 4171619.76877957 3489298.00523223 300 413125 413131
"WF027_014" 4173119.76877957 3489298.00523223 300 413227 413233
"WF027_015" 4174619.76877957 3489298.00523223 300 413329 413335
"WF027_016" 4168619.76877957 3490798.00523223 300 413431 413437
"WF027_017" 4170119.76877957 3490798.00523223 300 413533 413539
"WF027_018" 4171619.76877957 3490798.00523223 300 413635 413641
"WF027_019" 4173119.76877957 3490798.00523223 300 413737 413743
"WF027_020" 4174619.76877957 3490798.00523223 300 413839 413845
"WF027_021" 4168619.76877957 3492298.00523223 300 413941 413947
"WF027_022" 4170119.76877957 3492298.00523223 300 414043 414049
"WF027_023" 4171619.76877957 3492298.00523223 300 414145 414151
"WF027_024" 4173119.76877957 3492298.00523223 300 414247 414253
"WF027_025" 4174619.76877957 3492298.00523223 300 414349 414355
"WF028_001" 4041271.9087782 3494532.05349712 300 414451 414457
"WF028_002" 4042771.9087782 3494532.05349712 300 414553 414559
"WF028_003" 4044271.9087782 3494532.05349712 300 414655 414661
"WF028_004" 4045771.9087782 3494532.05349712 300 414757 414763
"WF028_005" 4047271.9087782 3494532.05349712 300 414859 414865
"WF028_006" 4041271.9087782 3496032.05349712 300 414961 414967
"WF028_007" 4042771.9087782 3496032.05349712 300 415063 415069
"WF028_008" 4044271.9087782 3496032.05349712 300 415165 415171
"WF028_009" 4045771.9087782 3496032.05349712 300 415267 415273
"WF028_010" 4047271.9087782 3496032.05349712 300 415369 415375
"WF028_011" 4041271.9087782 3497532.05349712 300 415471 415477
"WF028_012" 4042771.9087782 3497532.05349712 300 415573 415579
"WF028_013" 4044271.9087782 3497532.05349712 300 415675 415681
"WF028_014" 4045771.9087782 3497532.05349712 300 415777 415783
"WF028_015" 4047271.9087782 3497532.05349712 300 415879 415885
"WF028_016" 4041271.9087782 3499032.05349712 300 415981 415987
"WF028_017" 4042771.9087782 3499032.05349712 300 416083 416089
"WF028_018" 4044271.9087782 3499032.05349712 300 416185 416191
"WF028_019" 4045771.9087782 3499032.05349712 300 416287 416293
"WF028_020" 4047271.9087782 3499032.05349712 300 416389 416395
"WF028_021" 4041271.9087782 3500532.05349712 300 416491 416497
"WF028_022" 4042771.9087782 3500532.05349712 300 416593 416599
"WF028_023" 4044271.9087782 3500532.05349712 300 416695 416701
"WF028_024" 4045771.9087782 3500532.05349712 300 416797 416803
"WF028_025" 4047271.9087782 3500532.05349712 300 416899 416905
"WF029_001" 4108303.91684903 3433797.29532581 300 417001 417007
"WF029_002" 4109803.91684903 3433797.29532581 300 417103 417109
"WF029_003" 4111303.91684903 3433797.29532581 300 417205 417211
"WF029_004" 4112803.91684903 3433797.29532581 300 417307 417313
"WF029_005" 4114303.91684903 3433797.29532581 300 417409 417415
"WF029_006" 4108303.91684903 3435297.29532581 300 417511 417517
"WF029_007" 4109803.91684903 3435297.29532581 300 417613 417619
"WF029_008" 4111303.91684903 3435297.29532581 300 417715 417721
"WF029_009" 4112803.91684903 3435297.29532581 300 417817 417823
"WF029_010" 4114303.91684903 3435297.29532581 300 417919 417925
"WF029_011" 4108303.91684903 3436797.29532581 300 418021 418027
"WF029_012" 4109803.91684903 3436797.29532581 300 418123 418129
"WF029_013" 4111303.91684903 3436797.29532581 300 418225 418231
"WF029_014" 4112803.91684903 3436797.29532581 300 418327 418333
"WF029_015" 4114303.91684903 3436797.29532581 300 418429 418435
"WF029_016" 4108303.91684903 3438297.29532581 300 418531 418537
"WF029_017" 4109803.91684903 3438297.29532581 300 418633 418639
"WF029_018" 4111303.91684903 3438297.29532581 300 418735 418741
"WF029_019" 4112803.91684903 3438297.29532581 300 418837 418843
"WF029_020" 4114303.91684903 3438297.29532581 300 418939 418945
"WF029_021" 4108303.91684903 3439797.29532581 300 419041 419047
"WF029_022" 4109803.91684903 3439797.29532581 300 419143 419149
"WF029_023" 4111303.91684903 3439797.29532581 300 419245 419251
"WF029_024" 4112803.91684903 3439797.29532581 300 419347 419353
"WF029_025" 4114303.91684903 3439797.29532581 300 419449 419455
"WF030_001" 4001858.75446404 3547443.48868178 300 419551 419557
"WF030_002" 4003358.75446404 3547443.48868178 300 419653 419659
"WF030_003" 4004858.75446404 3547443.48868178 300 419755 419761
"WF030_004" 4006358.75446404 3547443.48868178 300 419857 419863
"WF030_005" 4007858.75446404 3547443.48868178 300 419959 419965
"WF030_006" 4001858.75446404 3548943.48868178 300 420061 420067
"WF030_007" 4003358.75446404 3548943.48868178 300 420163 420169
"WF030_008" 4004858.75446404 3548943.48868178 300 420265 420271
"WF030_009" 4006358.75446404 3548943.48868178 300 420367 420373
"WF030_010" 4007858.75446404 3548943.48868178 300 420469 420475
"WF030_011" 4001858.75446404 3550443.48868178 300 420571 420577
"WF030_012" 4003358.75446404 3550443.48868178 300 420673 420679
"WF030_013" 4004858.75446404 3550443.48868178 300 420775 420781
"WF030_014" 4006358.75446404 3550443.48868178 300 420877 420883
"WF030_015" 4007858.75446404 3550443.48868178 300 420979 420985
"WF030_016" 4001858.75446404 3551943.48868178 300 421081 421087
"WF030_017" 4003358.75446404 3551943.48868178 300 421183 421189
"WF030_018" 4004858.75446404 3551943.48868178 300 421285 421291
"WF030_019" 4006358.75446404 3551943.48868178 300 421387 421393
"WF030_020" 4007858.75446404 3551943.48868178 300 421489 421495
"WF030_021" 4001858.75446404 3553443.48868178 300 421591 421597
"WF030_022" 4003358.75446404 3553443.48868178 300 421693 421699
"WF030_023" 4004858.75446404 3553443.48868178 300 421795 421801
"WF030_024" 4006358.75446404 3553443.48868178 300 421897 421903
"WF030_025" 4007858.75446404 3553443.48868178 300 421999 422005
